-1.162258
-1.193185
-0.783348
-0.822530
-0.802321
-2.603769
-1.174615
-0.594391
-1.141182
1.033014
-1.934086
-0.713396
-0.107909
-1.978655
-1.996752
0.045206
3.967203
-0.568947
-1.554165
-0.994968
-3.045794
-2.000269
-0.100034
3.733321
-1.954907
-2.141452
3.967867
-1.559030
-0.786711
-2.540826
-0.668650
-0.994195
-1.371469
-2.653701
-1.412290
-1.993818
-2.373268
-2.049669
-0.850186
-0.968144
-0.798501
1.093615
-2.026753
-1.292027
-1.354929
-1.415524
-1.379892
-1.617494
-1.204856
-1.084743
-1.825070
-1.671827
-0.742849
-1.343468
-1.200785
-2.893677
-1.736737
-1.017155
-1.387690
-0.550706
-1.002983
-1.989123
1.999466
-1.508131
-1.165895
-1.162918
-2.344164
-2.220970
-1.641275
0.374508
-0.946615
2.090225
-0.651938
-3.250801
3.956314
-2.093316
-2.052789
-0.716815
-0.850736
-2.529404
-1.231385
-1.161342
-1.119459
-0.998169
-2.122211
-0.873645
-1.922578
-3.357058
3.424220
1.889195
3.465251
-1.293344
-1.595498
0.437784
0.276831
0.862964
-0.204115
0.923285
1.542583
-0.147939
1.842789
0.123122
0.979979
2.306234
1.823770
1.236718
1.508848
2.200035
1.766788
0.794986
1.895693
0.404425
1.782632
0.012898
1.651494
-3.441822
1.828860
-0.387902
-3.679447
-3.336798
1.507180
-0.436024
-1.091978
1.227110
0.181656
0.023334
-0.239152
-3.679741
0.786052
1.765969
-1.315251
1.261590
0.778678
2.083786
0.411842
1.343462
1.882759
1.043786
0.809497
0.658167
1.409261
0.003441
-0.094150
0.735670
1.171426
0.548641
1.195113
1.244751
1.138048
0.818325
1.186001
1.587961
0.946529
0.152431
0.052816
1.243950
0.342266
0.902359
-3.161548
0.128308
0.917676
1.692776
0.190651
0.725637
0.687190
-0.019045
1.117669
3.592742
1.478118
0.753526
0.830901
0.562325
-0.528543
1.172108
1.469924
0.837451
1.800960
-0.665944
0.266934
2.087082
0.786481
-0.166491
1.968003
1.704743
1.504094
0.575164
1.420681
1.511875
2.282184
1.097823
0.491651
2.942651
-3.082643
2.010414
2.107385
3.424299
-3.082241
2.822899
3.608335
2.935827
1.236682
3.212709
2.888740
2.272007
3.205757
-2.216421
2.463669
3.139001
3.773932
-3.082504
3.582761
2.443357
2.922909
1.748256
-3.540263
2.881217
3.384380
3.553651
2.225729
2.923243
2.506686
-1.742109
-3.082614
1.941000
1.480175
-2.303039
2.146926
-0.213266
-3.662212
2.554072
3.358279
3.358969
1.673117
3.550213
2.671431
-3.082541
2.892965
-1.624583
3.543405
2.696967
2.826693
2.945972
2.156633
2.881553
1.248282
2.446718
2.603417
3.621007
2.715103
-3.082551
3.752583
1.032277
3.254226
3.786392
2.585149
2.766737
3.535576
3.346734
2.403256
3.536389
3.006102
3.311997
-3.082477
3.438441
2.311772
-0.084041
-3.284972
1.227215
3.041247
-0.731761
2.928015
2.885533
0.349036
3.461116
2.244873
-3.083479
3.964427
3.336729
0.807001
0.396514
3.215719
0.145485
3.126306
2.538357
2.160903
0.063816
-0.019705
0.202201
