1.929654
1.752860
-3.949642
1.567300
1.469369
-3.817359
2.020717
1.257379
1.760427
-0.013601
2.217395
1.780870
2.735494
2.174991
2.567914
0.790608
-3.937948
1.027327
-3.941720
1.369862
-3.213505
2.420881
0.904569
-2.966861
2.237946
-3.798155
-3.947993
1.938448
2.328747
-3.373548
1.922012
2.732346
1.590387
-3.141340
1.961601
2.631568
-3.774029
1.616453
1.675155
1.967696
1.656894
-2.954604
2.366034
1.472284
1.603354
1.336782
1.806624
1.845918
1.627358
1.077037
-3.954333
1.661382
1.520887
1.937947
1.943445
-2.527690
2.139599
1.950757
1.791874
0.728045
1.871582
2.237017
-2.406751
-3.955290
1.583777
0.837817
-3.798681
2.552869
2.286717
0.085353
1.355635
3.370683
1.256708
3.438981
2.411730
2.672323
-0.468125
1.634074
1.336928
-0.250715
2.328351
2.247681
1.897449
1.698241
-3.949766
1.614502
2.237359
3.257953
-2.888386
-1.344360
-3.194713
1.727448
2.199856
0.123681
-0.126314
-3.560550
0.381818
-0.707764
-1.306783
0.557009
-0.724192
0.980263
-0.483536
-1.095351
-0.802585
-1.241360
-1.027815
-1.537806
-1.457788
-0.738584
-1.694336
0.111917
-1.425123
0.413222
-1.375125
-1.033933
-1.081879
0.683037
-0.763728
-2.592924
-0.778307
1.200831
0.886408
-1.545494
0.119392
0.994343
0.715283
-1.403977
-0.107812
-1.911386
0.286652
-0.767086
0.030367
-1.222591
0.118775
-0.757503
-0.731577
-0.448855
-0.587995
-0.025612
-1.011910
-0.157935
0.704918
0.086321
-0.629150
0.182530
-0.818352
-1.295498
-0.659964
-0.161553
-0.992412
-0.929731
-0.504658
0.617416
0.294710
-0.784991
0.143712
-0.440245
-0.712470
0.717145
-0.599613
-1.051965
1.062016
-0.269073
-0.387082
0.907716
-0.521610
-2.700128
-1.523326
-0.588154
-0.724283
-0.272566
-0.343018
-0.636920
-0.696855
-0.173113
-1.336451
0.581197
-0.138694
-0.979567
-0.296691
0.716268
-1.391031
-0.832398
-1.552621
0.247234
-1.163953
-1.027910
-1.618554
-0.495488
-0.010571
-2.666535
3.257492
-2.220956
-3.059710
-2.619429
3.257447
-2.778701
-3.289266
-3.057388
-1.213562
-2.310833
-2.662775
-2.062326
-2.792331
2.577365
-2.273124
-2.934558
-3.468214
3.257437
-2.994205
-2.355315
-2.473757
-1.440685
-2.721067
-2.232625
-3.009427
-2.971314
-1.872775
-2.382663
-2.125205
2.470200
3.257454
-2.981625
-1.267629
-0.161172
-2.541764
0.577358
-2.517103
-1.799515
-2.771819
-3.140272
-1.015011
-3.252849
-1.977916
3.257459
-2.321571
2.388944
-2.994269
-2.031921
-2.759694
-3.287770
-2.807563
-2.843580
-3.093169
-1.750636
-2.746642
-2.952793
-3.392416
3.257422
-3.376043
2.915641
-3.219469
-3.236984
-2.268001
-2.641563
-3.362817
-2.936253
-2.209168
-3.340777
-2.784249
-2.476350
3.257460
-3.022030
-1.832762
0.702702
-2.577325
-0.419062
-2.793585
1.321552
-2.166880
-2.374849
1.015258
-2.785404
-1.794465
3.257464
3.008687
-2.932934
0.015441
0.529328
-2.879174
1.314383
-2.982114
-2.058664
-1.764953
1.057395
0.954677
0.658765
