1.451104
1.242683
1.792617
1.278102
1.013001
1.986272
1.662807
1.711210
1.657711
-0.264954
1.805472
1.284104
2.313477
1.794494
2.042569
2.012370
2.164595
1.029483
0.910466
1.502671
-3.414361
2.194303
0.496354
-3.495553
2.389426
2.493056
1.788669
1.760884
1.502782
2.874785
1.028214
2.394374
1.160575
-3.411273
1.468477
2.399938
2.686208
1.747049
0.818685
1.560465
1.287055
-3.647700
2.259979
1.898404
1.233260
0.967698
1.324197
1.693320
1.746825
1.230094
1.464288
1.607658
1.019634
1.354466
1.528540
-1.317010
2.211817
1.218008
1.696615
0.662785
1.371888
2.518361
-3.134887
1.907875
1.051746
0.721450
1.931237
-3.760485
-3.759830
-0.441361
1.256902
-3.699394
1.106222
-2.885182
2.339844
2.129860
-0.655059
1.546235
1.292199
-0.671448
1.535615
1.741125
1.658475
1.351843
-3.754812
1.320423
2.177181
3.318765
-3.214777
-1.398241
-3.599427
1.721936
2.186168
-0.234307
-0.301677
-3.751788
0.146647
-0.981084
-1.730532
0.107181
-1.254998
0.694062
-0.692609
-1.453487
-1.129079
-1.116956
-1.325727
-1.842609
-2.209565
-1.245613
-1.818812
-0.329415
-1.263879
-0.084975
-1.579511
-1.413795
-1.187888
0.500600
-1.126258
-2.566117
-1.180413
0.734058
0.855011
-1.343019
-0.291362
0.648557
0.271986
-1.532977
-0.473585
-1.642778
-0.068064
-1.118318
-0.075236
-1.463978
-0.567119
-1.083424
-0.993175
-0.630700
-0.926910
-0.451134
-0.676399
-0.272514
0.590092
-0.294698
-1.548798
-0.326417
-1.083859
-1.255518
-1.054508
-0.720688
-0.863952
-1.201259
-0.758321
0.250842
-0.095190
-1.373862
0.070415
-0.912374
-0.885455
0.377875
-1.289645
-2.001993
0.396655
-0.558426
-0.649414
0.464399
-0.652003
3.010659
-1.670540
-0.455737
-0.882061
-0.772876
-0.796259
-1.015021
-1.252099
-0.509980
-1.544281
0.026081
-0.273554
-1.884238
-0.737680
0.766101
-1.640446
-1.174043
-1.429586
-0.475753
-1.328961
-1.302009
-1.291180
-0.921595
-0.360913
-2.817015
3.318157
-2.299744
-3.529871
3.308310
3.315320
-3.500983
-3.368906
-3.146223
-1.395281
-2.969199
-3.067209
-2.196175
-3.250456
2.280821
-2.256343
-3.215971
-3.575086
3.314130
-3.267668
-2.413516
-2.925499
-1.464099
-2.915942
-2.672462
-3.302498
-3.314638
-1.866217
-2.963976
-2.659188
2.167065
3.318584
-3.210240
-1.556662
-0.773252
-2.897832
0.132061
-2.747212
-1.950375
-2.911181
-3.459027
-1.398863
-3.415451
-2.349766
3.318976
-2.695744
2.213982
-3.311975
-2.116348
-3.074848
-3.191052
-3.004727
-3.359912
-3.379434
-1.819406
-3.394814
-3.398986
-3.557653
3.310128
3.312280
-1.391567
-3.413397
-3.545588
-2.904335
-2.985990
-3.572539
-3.320561
-2.291595
-3.560288
-2.702913
-2.846756
3.317510
-3.344395
-2.339536
-0.113921
-3.010402
-0.823394
-3.020802
1.358498
-2.530148
-2.875877
0.465976
-3.358565
-2.166583
3.318913
-3.750454
-3.264505
-0.149882
0.485870
-3.181850
0.604698
-2.884531
-2.311424
-1.963207
0.601931
0.668142
0.271792
