-1.742073
-1.373631
-1.855053
-1.361081
-1.199448
3.755499
-1.496330
-1.498346
-1.474576
0.210497
-2.105253
-1.375381
-2.423334
-1.726482
-2.355669
-0.034353
-2.491956
-1.105959
-1.614564
-1.481642
3.610119
-2.206193
-0.276783
3.198073
-2.862340
3.751833
-1.963857
-1.754664
-1.394083
-2.685660
-1.336659
-1.954610
-1.401619
3.606382
3.749784
-1.507437
-2.376594
-2.007141
-1.203695
-1.543685
-1.681078
1.612935
-2.252114
-1.486464
-1.640861
-1.176322
-1.458309
-1.677926
-1.466038
-1.158918
-1.824642
-1.924270
-1.202358
-0.965711
-1.704267
-3.275050
-2.297047
-1.425872
-1.996454
-0.180778
-1.487418
-2.468776
2.571957
-2.039855
-1.281842
-0.529864
-2.244137
-2.585633
-2.148938
0.442768
-1.053051
3.496460
-0.793720
2.827044
-2.478408
-2.057673
0.187450
-1.139577
-1.142494
0.657037
-1.706667
-1.722240
-1.646071
-1.494280
-1.853326
-1.311056
-1.895520
-3.213485
2.532921
1.421954
3.382512
-1.712979
-2.102623
0.223648
0.122931
3.747167
-0.080504
1.012740
1.602850
-0.287378
1.264892
-0.846623
0.756845
1.706811
1.078998
1.051823
1.146434
1.875005
1.935982
1.100607
2.106037
0.274208
0.876496
0.320166
1.806418
1.316957
1.324980
-0.464103
0.940464
2.756262
1.288512
-0.630515
-0.765331
1.380637
0.079807
-0.530179
-0.346687
0.987479
0.445133
1.712903
-0.075670
0.668518
0.462766
1.678030
0.193773
0.848196
1.082830
0.232796
0.616141
0.491900
1.038104
-0.138038
-0.973058
0.465790
0.892583
0.151572
1.062363
0.888351
1.085342
0.558979
0.870259
1.279118
0.721926
-0.099648
-0.023186
1.081985
-0.052673
0.720376
1.093611
-0.424828
1.237818
1.743598
-0.227087
0.521899
-0.045881
-0.489753
0.739351
3.426600
-3.272506
1.150720
0.942146
0.544913
0.349715
1.082033
1.144812
0.375201
1.527227
-0.564571
0.271475
1.598777
0.752216
-0.368826
1.747110
1.210422
1.483485
0.630196
1.107632
1.024835
1.984362
0.853884
-0.086393
3.015306
-3.214732
2.341865
3.659549
2.828370
-3.214607
3.103370
3.339367
3.004255
1.276353
2.946173
3.034400
2.263308
3.199292
-2.661884
2.525915
3.075963
3.608744
-3.216328
3.170020
2.157954
2.779064
1.617084
2.791576
2.712048
3.293935
3.090354
2.153806
2.914130
2.706815
-2.129826
-3.214842
3.225963
1.448463
-2.643094
3.017115
-0.303058
2.659375
2.063382
3.316564
3.345078
1.233264
3.350172
2.664300
-3.215925
2.430569
-2.234351
3.358668
2.597404
2.985532
3.168919
3.354097
3.129026
3.495759
2.074871
3.146979
3.463360
3.744361
-3.214634
3.601782
0.999029
3.423278
3.584472
2.833609
2.780754
3.539315
3.248747
2.325854
3.512364
2.849205
2.838680
-3.215732
3.308403
1.943496
-1.139438
2.929770
0.818562
3.396093
-0.986637
2.777884
2.906781
-0.574108
3.099730
1.901523
-3.215798
0.909777
3.014179
0.420777
-0.569098
3.334413
-0.539316
3.223700
2.237876
2.124663
-1.195541
-1.170693
-0.825071
