-1.188433
-1.207139
-2.010330
-1.324110
-1.228598
-2.742092
-1.819015
-1.458189
-1.384077
0.412599
-2.053335
-1.208692
3.893345
-1.846945
-1.994642
-0.240400
3.903651
-0.854167
-1.110377
-1.647593
3.485642
-2.238096
0.128564
3.182938
-2.385420
-2.206469
-1.884353
-1.501758
-1.365703
3.764576
-1.582621
-1.689501
-1.366069
-2.976439
-1.438006
3.898960
-2.701966
-2.243391
-0.952636
-2.088622
-0.869445
3.066669
-2.419089
-1.527812
-1.536138
-1.252365
-1.445831
-1.552936
-1.780674
-0.933514
-1.198797
-1.458611
-1.280886
-1.497364
-1.479090
-3.167102
-1.680339
-1.420950
-1.704652
-0.661185
-1.151303
3.904140
2.433100
-1.625663
-1.466308
-0.771866
-1.805440
-2.623285
-2.190465
0.384161
-0.942949
3.277958
-0.870183
2.982494
3.904382
-2.039486
0.057371
-1.362878
-1.217945
3.215174
-1.388405
-1.751422
-1.700273
-1.338218
3.904868
-1.533343
-1.950425
-3.440916
-3.100991
1.354849
3.174627
-1.751323
-1.962340
-0.069146
0.328038
3.720417
-0.354091
0.909443
1.321178
-0.406128
0.972664
-0.322156
0.661780
1.503324
1.083508
1.317751
1.146599
1.653173
1.680967
1.355326
1.553397
0.083478
1.285102
3.901203
1.586356
1.507101
1.117902
-0.931953
1.193790
-3.569443
1.116380
-0.448228
-0.401997
1.201998
-0.112773
-0.606299
-0.637377
1.420587
0.449567
1.660453
0.135990
0.933378
0.521127
1.217248
0.248869
1.025106
0.648312
0.410624
0.419918
0.564765
1.357584
-0.030353
-0.706402
0.263517
0.790139
0.064371
0.950685
0.812695
1.017760
0.621692
0.852769
1.067466
1.095211
-0.066621
-0.069404
1.438207
0.118076
0.931761
0.851694
-0.225070
1.000855
1.347324
-0.297776
0.656678
0.520065
-0.472317
1.156261
2.869405
1.551002
0.496870
0.766201
0.315264
0.143917
1.160911
1.231433
0.617849
1.630461
-0.661715
0.405124
1.642348
0.743851
0.194777
1.650790
1.158535
1.561183
0.455795
1.282639
1.124857
1.863891
0.215285
0.236313
2.869974
-3.441317
2.433141
3.525737
2.747929
-3.441088
3.115179
3.608335
2.721874
1.731977
3.103981
3.019033
2.124184
3.222523
-2.653298
2.152530
3.147528
3.383591
-3.441271
3.360888
2.024203
2.712626
1.341888
2.581794
2.601014
-3.330609
-3.547927
2.303463
2.763108
2.521776
-2.289886
-3.441229
3.405135
1.628451
-2.810600
2.778561
-0.482439
2.758414
2.295072
3.113852
3.401549
1.101439
3.121014
2.557529
-3.441348
2.391376
-2.095600
3.336168
2.359638
2.948742
2.914133
1.993572
2.984531
3.529356
2.072012
3.026505
3.323329
3.580093
-3.441187
3.516279
3.752349
3.371171
3.573997
2.600728
2.876465
3.344535
3.029299
2.120006
3.199013
2.214546
3.002061
-3.441299
3.390356
2.168392
-0.529736
2.929416
0.908304
2.891795
-1.044377
2.757460
2.992589
-0.470324
2.963059
2.237382
-3.441261
3.773459
3.017144
0.423855
-0.637416
2.741830
-0.993001
3.103473
2.097952
2.108704
-0.872282
-0.361559
-0.539648
