-0.789566
-1.227208
-1.511645
-1.042869
-1.189413
3.936960
-0.913769
-0.397931
-0.663230
0.373234
-1.871358
-1.253030
0.244993
-1.742011
-0.209386
0.363875
4.187546
-1.401555
-1.761039
-0.943947
3.232025
-0.088298
-0.181982
3.102861
0.102727
-1.561884
4.151124
-1.528430
-1.627108
3.806889
-1.597302
-2.133589
-1.302574
3.185240
-1.644192
4.177856
0.670020
-1.876325
-1.297936
-1.609480
-0.467286
0.770806
0.154893
-0.558316
-1.423968
-1.266974
-1.026714
-1.728606
-1.133897
-1.535116
-2.606901
-1.361770
-0.974416
-0.943256
-1.304539
-3.051139
-0.942341
-1.135088
-1.379867
-1.679158
-0.756484
4.045824
1.205084
-1.527151
-1.315152
-1.991565
4.199231
0.417157
-0.236619
0.608767
-1.196394
1.097588
-0.913888
2.424009
4.191781
-1.037533
-2.376137
-0.963782
-0.823059
3.881505
-0.953764
-1.601365
0.079558
-1.192952
-2.078057
-0.358528
0.208135
-3.174930
3.481679
3.231179
2.598500
-1.067961
-1.853941
-0.066818
0.234285
0.422405
-1.978102
0.975864
1.750327
-1.148298
3.394757
-1.533030
3.816231
3.112822
3.420949
3.126985
3.357653
3.016312
2.799019
1.222115
2.775620
-2.207377
3.129596
-2.430354
3.117277
3.393135
3.311588
-1.642540
3.734625
3.076879
1.068273
-1.244016
-1.971645
1.880422
-2.522822
-1.521624
-1.521124
2.480100
0.628437
2.958354
4.200545
1.052737
0.377443
2.919006
0.057745
3.482566
1.417610
3.894369
3.789133
4.013770
3.739622
-2.650770
-0.958569
0.048849
1.949221
0.071810
1.387217
1.092534
-2.925712
0.435738
3.873853
1.684618
0.939377
-0.141929
-1.925480
3.694417
4.198914
-3.191220
3.575908
-0.295789
1.157673
2.913795
-0.712933
3.970142
-2.868227
-0.838578
3.644653
-3.123120
3.126917
4.000986
0.847133
-0.143880
-2.567168
1.359902
1.373348
0.306546
2.892250
-1.995153
-2.232896
3.093541
0.697276
-1.246184
2.624631
0.938699
2.728552
0.233762
1.395860
1.421341
2.297361
0.909641
0.244392
1.298823
-3.228685
1.744966
0.766959
-3.204041
-3.223450
1.141848
1.241651
1.529082
0.825784
-3.394047
2.004090
2.145501
1.644440
-0.086931
2.046180
2.068778
1.019740
-3.211675
1.722901
2.158212
2.868699
0.688440
2.305683
1.892209
1.367415
1.409277
1.478221
1.542041
2.218379
0.178661
-3.225716
1.166824
1.004654
0.761759
1.535442
0.756541
1.611895
1.876853
2.232968
1.145626
1.202416
1.397656
2.358205
-3.213491
1.509365
-0.267700
1.513882
1.776756
3.038572
1.381031
1.280947
2.309049
1.104566
2.033227
1.389523
1.096196
0.686395
-3.223734
1.352669
0.892282
1.624657
-3.046304
1.212613
2.407513
1.055088
1.228532
2.139912
1.764118
3.130216
2.536568
-3.218608
2.773885
2.075564
0.100140
2.810328
0.877632
1.061991
-0.521530
1.533529
1.409213
-0.391268
1.098195
2.764399
-3.223713
0.627121
1.805825
0.246970
0.063565
1.824273
-0.027038
1.498270
2.121032
1.865940
-0.006551
0.087020
-0.061669
