-0.578183
-1.033603
-0.584067
-0.864412
-1.297099
-1.885331
-0.520170
-0.331573
0.072954
0.339447
-0.696640
-0.898902
0.144976
-0.510563
0.115727
-0.227898
0.204391
-1.437595
-0.743408
-0.709772
1.337616
0.249276
-0.461383
1.240163
0.080286
-2.154394
-0.454657
-0.766836
-1.661789
0.841289
-0.756807
0.054787
-0.522841
1.180705
-1.342978
0.715249
0.351286
-0.921949
-1.591113
-0.795690
-0.938167
0.792561
0.181542
-0.677105
-0.847603
-1.246758
-0.778400
-1.336813
-0.658432
-1.423035
-1.832281
-0.889993
-1.191675
-0.906491
-0.254846
-2.747626
-1.140666
-0.940943
-1.471501
-1.009730
-1.165363
0.199553
1.212546
-0.702614
-1.228143
-1.797563
-1.986041
0.492767
-0.028535
0.384562
-1.328267
0.582539
-0.819678
-4.026103
0.248539
-1.956383
-2.260975
-0.751834
-0.944760
3.915267
-0.055284
-0.488057
-0.225859
-1.065260
-1.984601
-0.503662
-0.160845
-4.050351
2.483543
3.219255
1.423179
-0.805655
-0.146491
-2.153997
-0.637464
0.987831
-2.198163
3.180200
3.014452
-2.006858
3.765859
-2.023612
3.904835
3.281040
3.456722
3.306246
3.473336
2.955760
2.972488
3.257836
2.269160
4.282580
3.250563
-2.611389
2.676943
3.480020
3.679896
-1.715427
3.892907
-4.037928
2.961966
-1.724388
-2.007864
2.752435
-2.580863
-1.907125
-1.787823
2.830117
3.744584
2.910216
-2.069305
3.677597
0.075990
3.205777
-2.467614
3.403614
3.444222
3.851323
3.905714
4.037349
3.481889
3.931109
-1.887699
4.285578
3.481293
0.420127
3.575506
3.665459
3.606224
4.081569
1.173406
2.928617
3.282716
-0.908497
-1.970671
3.341447
4.283113
3.831065
3.857061
-1.564340
3.537019
3.029110
-2.118765
4.259570
4.108134
-1.754762
3.584783
3.491056
3.040520
3.954124
3.869830
4.097546
-2.557952
3.513294
3.070080
3.853395
3.242706
-2.192518
-2.795021
2.950003
4.045661
4.295638
3.055359
3.047099
3.168487
3.899701
2.850957
3.236797
2.571604
3.522902
-2.352454
1.497330
-4.051311
2.383802
0.742223
3.001932
-4.051291
0.948764
1.108840
1.267402
2.897093
-3.817509
1.678258
2.509302
1.195835
0.254603
1.771654
1.340898
0.779948
-4.051303
1.035212
1.818428
1.655058
1.405217
2.291082
1.949354
1.607474
-3.982425
1.871025
1.460967
1.970965
0.247747
-4.051304
1.317135
1.587045
-3.111890
1.827965
-1.453616
1.603902
2.359208
1.404913
1.285633
1.315363
1.029539
1.697810
-4.051311
1.866644
-0.244301
1.579266
-3.990240
1.997854
1.485757
1.181270
1.702616
1.237038
2.739510
1.307455
0.950054
0.949992
-4.051312
1.052872
0.899060
0.947279
-3.513400
1.676736
-4.041761
0.903107
1.545902
2.242905
1.442931
-3.793307
-4.032623
-4.051311
-4.032462
1.916406
-2.144265
1.815464
3.886404
1.355448
-0.309260
1.954687
1.490949
-1.973530
1.015326
2.636491
-4.051311
0.420237
1.366278
0.231927
-2.024077
1.329648
-1.576375
1.088212
1.945125
1.926438
-1.734217
-1.804100
-2.331165
