1.710540
2.039703
2.024628
1.541420
1.498293
-3.751326
1.967716
1.506086
1.974999
-0.843565
1.944445
1.652050
0.325696
2.083771
2.448661
0.236282
-3.916915
1.295141
1.995792
1.311478
-3.468383
2.403027
0.478763
-2.984814
2.823341
-3.926502
-3.927367
1.973910
1.612179
-3.532708
1.513821
2.717142
1.674877
-3.168147
1.629917
0.239811
0.150659
-3.929119
1.218564
2.134112
1.223007
-1.184119
-3.924674
1.886405
1.971557
1.348176
1.887803
1.627516
1.686855
1.414924
1.781969
2.140145
1.354117
1.626355
1.765444
-3.134636
2.380829
1.773966
2.234825
0.945900
1.607436
2.617445
-1.673108
2.451282
1.913031
0.920743
2.645181
-3.752507
-3.926344
-0.274616
1.247552
-1.023822
1.339473
-2.567586
2.725032
2.610146
-0.061271
1.434324
1.055992
-0.710047
1.726583
1.748994
1.566952
1.419779
2.132922
1.641720
2.563543
3.337876
-3.040483
-0.931689
-3.267207
1.832429
-3.922173
0.321302
-0.298529
-3.320884
0.812059
-0.754614
-0.784070
0.300811
-1.313295
0.598900
-3.540981
-1.711938
-0.954726
-1.235508
-1.088516
-1.543105
-1.668322
-0.633994
-1.187275
0.148649
-0.829973
0.009597
-1.328220
3.528543
-1.054111
0.945929
-0.768470
-2.751798
-0.783245
1.115389
1.086736
-1.299444
0.092998
1.104687
0.834584
-1.121855
-0.157278
-1.467337
0.420294
-0.699853
-0.102501
-1.413483
0.021256
-0.954742
-0.824181
-0.531032
-0.659044
-0.260580
-0.481714
-0.030841
0.996112
-0.146176
-0.943362
-0.013725
-0.817116
-0.597627
-1.143341
-0.196713
-0.798597
-0.845845
-0.155241
0.852489
0.081588
-0.843129
0.281340
-0.367742
-0.605029
0.567764
-0.813240
-1.222257
0.599025
-0.450255
-0.468754
0.797515
-0.593800
3.155774
-1.558370
-0.048223
-0.593691
-0.277891
-0.195518
-0.534852
-1.066608
-3.891609
-1.061271
0.764946
0.163079
-1.291679
-0.637369
0.661056
-1.426065
-0.810442
-1.353781
-0.219446
-1.117309
-0.783650
-1.795685
-0.645197
0.287925
-2.606303
3.360613
-2.045206
-3.069262
-3.041956
3.360425
-2.990404
-3.057659
-3.181006
-1.310547
-2.998593
-2.749681
-1.942220
-2.721165
-3.755825
-2.261863
-2.916454
-3.138615
3.360285
-2.866218
-2.089686
-2.660125
-1.515407
-2.706722
-2.339112
3.514752
-3.096806
-1.874275
-2.496793
-2.073892
2.317648
3.358270
-2.772172
-1.459821
3.211018
-2.439641
0.818270
-2.461767
-1.952714
-2.826511
-3.317626
-0.943488
-3.169683
-2.370266
3.360233
-2.154907
2.270555
-2.891053
-2.257651
-2.730169
-2.760699
-2.943501
-2.752534
-2.787262
-1.971737
-2.677933
-3.332524
-3.400506
3.357769
-3.506726
-3.486836
-3.105427
-3.405968
-2.219905
-2.194533
-3.473545
-2.956980
-2.208696
-3.160761
-2.543050
-2.872314
3.360806
-3.182782
-2.254414
1.273640
-2.907856
-0.673522
-2.980071
1.065099
-2.183476
-2.817286
0.990927
-3.066196
-2.096666
3.361792
-3.546873
-3.086383
-0.038758
0.413087
-2.821108
0.649930
-2.928302
-1.928252
-1.602840
0.927845
0.604550
0.525003
