0.617594
1.244958
1.705778
1.287868
1.227804
2.116965
1.723143
1.281884
1.297718
2.584428
2.141519
1.022451
2.280732
1.747685
1.980691
0.186977
1.790255
0.944542
1.516755
1.169746
-3.689181
2.464411
0.123837
-3.593591
2.406950
2.337936
2.013851
2.047276
1.659831
-3.622935
1.135270
2.092518
1.243330
2.974379
0.952712
0.697705
2.726464
1.992070
0.831348
1.463195
0.861209
-1.180586
1.745886
1.601938
1.437248
0.968096
1.534096
1.910913
1.294924
1.106269
1.276535
1.463218
1.169623
1.293091
1.317303
3.186690
2.065784
1.493557
1.755054
0.284610
1.026586
2.176552
-2.594980
1.628224
1.884937
0.813604
2.333699
-4.034095
-4.034946
-0.487160
0.965721
-3.658424
0.169317
-3.023201
2.220786
2.039185
-0.246696
1.078704
0.748097
-0.817257
1.555518
1.652016
1.354412
1.045967
1.706027
0.973991
2.440181
3.497112
-3.199027
-1.716068
-3.591935
1.307762
1.869016
-0.186841
-0.401888
-4.001832
0.429678
-1.163346
-1.520144
0.337672
-0.925795
0.639156
-0.822801
-1.559692
3.918944
-1.510308
-1.548426
-1.948243
-1.716354
-1.055369
3.923065
-0.542542
-1.705679
-0.534583
-1.485145
-1.655446
3.924621
0.400122
3.918560
-3.027545
-1.316362
0.520617
1.346085
-1.681222
-0.336179
0.611937
0.380670
-1.627724
-0.606293
-2.203845
-4.031447
-1.086674
-0.469351
3.926857
-0.343612
-0.867778
-1.190324
-0.641239
-0.673078
-0.817273
-1.067719
-0.385645
0.718401
-0.513637
-1.493512
-0.267549
-1.132939
-1.188064
-1.012907
-0.843454
-1.021312
-1.071449
-0.653352
-0.134710
0.057765
-1.234877
0.057607
3.535161
-1.022360
0.155188
-1.425079
-1.506608
0.470632
-0.660085
-0.650186
0.257068
-0.868145
3.169593
-1.392939
-0.560828
-0.687674
-0.562459
-0.352186
-1.175658
-0.846402
-0.678004
-1.888747
0.552342
-0.689144
-1.530474
-0.682493
0.119060
-1.671250
-1.351383
-1.627914
-0.679795
-1.577914
-1.514513
-1.784307
-0.928474
-0.307228
-2.837273
3.609905
-2.491756
-3.358881
-3.308120
3.608362
-3.296421
-3.462806
-2.973755
-1.398225
-2.942956
-2.885936
-2.832613
-3.479216
-4.033073
-2.348444
-3.273256
2.941455
3.609557
-3.682274
-2.215565
-2.858808
-1.703391
-2.998803
-2.561384
3.162766
-3.578300
-2.352699
-2.885288
-2.698632
2.117525
3.608983
-3.057672
-1.707981
2.761652
-2.709278
0.123546
-2.610385
-2.379622
-3.212227
-3.236425
-1.324580
-3.457493
-2.386867
3.607889
-2.527166
1.985234
-3.429282
-2.215115
-3.002708
-3.153999
-3.163085
-3.190202
-1.891078
-2.112113
-2.955644
3.005445
-3.892523
3.609659
-3.809278
-1.141788
-3.603542
2.848985
-2.640912
-2.760918
-3.707948
-3.364694
-2.633839
-3.439840
3.475147
3.500804
3.609829
-3.306548
-1.916283
-0.104760
-3.047049
-1.052525
-2.952427
0.537319
-2.920224
-3.098321
0.242611
-3.380081
-2.324470
3.610140
-3.886118
-3.258631
-0.853831
0.015731
-3.004571
0.288105
-3.258985
-2.408910
-1.999671
0.325083
0.105067
-0.010937
