1.489092
1.385437
1.911633
1.407098
1.272596
2.590603
1.612880
1.834737
1.857168
-3.905081
1.969769
1.424543
2.737452
1.887910
2.120363
-0.161887
-3.904654
0.832060
1.647540
1.461471
-3.522028
2.595294
0.342609
-3.314848
2.474694
-3.920029
2.272163
1.714519
1.710758
-3.648809
1.186696
1.588616
1.444305
-3.353336
1.430991
-3.924804
2.814478
2.113695
0.889434
1.355340
1.256393
-3.628049
-3.921176
1.362016
1.623507
1.073632
2.241374
1.573943
1.691610
1.041728
1.557562
1.705544
1.473696
1.302168
1.762073
3.269924
1.950395
1.245714
1.799230
1.041621
1.566364
-3.925304
-2.509854
1.659974
1.053456
0.623265
2.250382
-3.859216
2.105324
-3.911821
1.071489
-3.753518
0.981808
-2.746712
-3.924726
2.478704
-0.098577
0.912593
1.322374
-0.613708
1.201447
2.122138
1.950578
1.380839
1.333701
1.424896
2.324737
3.160925
-3.145509
-1.373707
-3.383143
1.414109
2.139282
-0.019775
-0.158570
-3.730827
0.588873
-0.761225
-1.374544
0.468059
-1.098521
0.605261
-0.613304
-1.585560
-1.028496
-0.844619
-1.139673
-1.713247
-1.940391
-1.074556
-1.751741
-0.280054
-1.452198
0.045465
-1.269296
3.469280
-1.467557
1.260652
-0.966215
-2.606206
-1.335755
0.690486
0.641189
-1.641002
-0.036323
0.565731
0.764202
3.473243
-0.620372
3.468737
0.200045
-0.605192
-0.042185
-1.922393
-0.323496
-0.768650
-0.934177
-0.510093
-0.617101
-0.623721
-1.238840
0.167658
0.633582
-0.243959
-1.062059
-0.184329
-0.821706
-0.984956
-0.775643
-0.492459
-0.868924
-1.097627
-0.537428
0.350439
0.179884
-1.000084
0.061455
-0.708150
-0.793811
0.474661
-1.152472
-1.474751
0.281846
-0.668595
-0.577616
0.709652
-0.841446
-3.097934
-1.263495
-0.247950
-0.603479
-0.667502
-0.474254
-1.214829
-1.240866
-1.233514
-1.572233
0.581579
-0.240748
-1.412499
-0.590758
0.427929
-1.478585
-0.996431
-1.375549
-0.452911
-0.956566
-1.114511
-1.841508
-0.807596
-0.196654
-2.937482
3.161198
-2.122430
-3.492471
-2.751689
3.161178
-2.984087
-3.258116
-3.212628
-1.503493
-3.130322
-2.880642
-1.958524
-3.218477
1.608475
-2.287654
-3.038900
-3.597228
3.161181
-3.228982
-2.611577
-2.610033
-2.165137
-2.684488
-2.212555
-2.846760
-3.276969
-2.419958
-2.774385
-2.286522
2.186108
3.161207
-3.157878
-1.156487
2.773503
-2.728590
0.042494
-2.407449
-2.089623
-2.855212
-2.861154
-1.015074
-3.336328
-2.442620
3.161192
-2.035557
2.083399
-2.954458
-2.218336
-2.628969
-2.645355
-1.765129
-2.936484
-3.357552
-1.838281
-2.630404
-3.202915
-3.559921
3.161211
-3.617342
2.880281
-3.460082
-3.300921
-2.596965
-2.560427
-3.227198
-3.256321
-2.415611
-2.782914
-2.762039
-2.761516
3.161198
-3.097288
-2.280607
0.355978
-2.745966
-0.761387
-3.058514
1.123875
-2.608600
-2.810752
0.366834
-3.034680
-2.232399
3.161205
-3.596973
-3.212566
-0.765687
-0.043645
-3.075703
0.443312
-3.122803
-2.058918
-2.021011
-0.233595
0.443910
0.264532
