-1.181709
2.293677
2.727540
2.885317
2.258217
2.305804
0.594596
2.266809
-0.741000
2.310301
2.297958
-1.476499
2.289227
2.429182
2.298746
-0.923348
-0.152108
2.800843
2.618611
-0.781922
1.660439
-0.738459
2.177300
-0.169128
-1.293787
1.900834
2.542293
2.358118
2.392814
-0.734390
2.500538
-1.031475
-1.313733
-0.119304
-1.013714
-0.288648
-0.932004
1.636299
2.130392
2.346947
2.183089
-0.471185
0.076453
2.108168
2.242795
2.480944
2.382848
2.309011
-0.859583
1.689062
-0.923991
-2.620838
-0.825044
2.650839
2.479667
-0.132374
-0.826023
-2.283392
-0.980990
-0.456045
2.703452
-0.686641
-0.622701
2.309582
-0.842101
-0.811514
1.356091
2.349862
2.391506
-0.085901
-0.701871
-0.748375
-0.312484
-0.814983
-0.855794
2.604840
2.405422
-0.706838
-0.860005
-0.850255
2.330897
2.222541
-1.560199
-0.334845
2.273682
2.424411
-0.842807
-1.192283
2.318807
-0.876592
2.272675
-1.282331
2.425057
1.061510
-0.577433
1.840800
-0.840038
-0.502307
-0.897197
-1.159008
0.146989
2.284060
-3.030438
-0.549695
-1.029112
-0.684164
-0.797328
-0.705802
1.569622
-0.913493
1.595239
2.385639
-0.843300
-1.222815
1.846433
-0.854797
-0.853715
2.319416
-0.844059
2.464428
-0.742614
2.322081
2.357559
-0.966790
2.493791
2.524763
-0.843576
-0.846184
-0.268303
-1.007229
-0.750703
-0.846127
-0.920955
-0.829397
-1.058800
-0.874260
-0.700842
-0.501330
-0.786695
-0.825285
-0.638931
-2.667676
0.269059
-1.191666
-0.884868
0.212592
-0.830070
-0.852157
-0.714391
-1.167628
-0.818343
2.352394
-0.787785
0.161142
-0.381368
-0.853283
-0.987394
-0.845382
-0.006291
-2.156987
-0.742497
-0.762482
1.539998
-0.773894
-0.827130
-2.411556
2.354021
2.541793
-0.871888
-0.959314
-0.750794
2.803962
-2.834746
-0.763099
0.355700
-2.431981
-0.737350
2.611202
-1.164419
-1.887037
-0.828446
2.951379
2.302108
-0.318765
-0.758981
-0.848248
-0.707123
-0.833746
1.858853
-0.891807
-0.688312
-0.658578
2.312171
-0.870023
2.192583
-1.684322
-0.849628
2.297321
2.564996
-0.525097
-0.937998
1.695209
2.312010
-0.860704
2.464682
2.158826
-1.325502
1.870862
1.088130
2.405596
-0.810810
-0.820950
-0.700822
-0.888865
-0.841950
-0.674949
-2.964777
-0.798176
2.362810
-0.781389
2.413078
-1.810028
2.398205
1.645628
-1.972492
-0.976155
-1.074620
2.405138
-2.571486
2.481340
2.275183
-0.812723
-1.045596
2.284132
-0.834471
2.421926
-0.866726
-0.748913
-0.798501
2.274338
2.484422
2.074343
-1.447216
-0.733414
-2.436041
2.581012
-0.749569
2.476890
2.258584
2.404510
1.708775
-1.057669
-0.781622
-1.028082
-0.845136
-0.745589
-2.886897
2.046906
-0.719780
-0.782898
-1.005937
2.409602
2.404978
1.900157
-1.361536
2.383796
-0.976976
-0.897901
2.176343
-0.094500
-0.712809
-0.003738
2.132392
1.513273
-0.920745
2.407410
2.168204
2.162450
-0.900180
2.204336
0.928385
-0.476682
0.547342
-0.888665
-0.844057
2.776702
-0.743400
2.308550
