-2.491154
0.770434
0.918551
1.018841
0.911888
0.923872
0.659698
0.888451
-2.065313
0.854204
0.746939
-3.102125
0.703131
0.837476
0.810332
-2.558155
1.377598
1.231194
0.787884
-2.264583
0.247404
-2.732697
0.622301
-1.900599
-1.840286
0.586567
0.731995
0.830182
0.841774
-2.355506
0.323740
-2.417361
-2.489072
-1.770236
-2.460660
-1.958366
-2.422636
0.427628
1.140904
0.810422
0.779427
-2.000524
1.277112
0.189261
0.870992
1.191483
0.803756
0.809981
-2.236373
0.218144
-2.640155
0.915580
-2.467340
0.909018
0.816954
-1.684844
-2.450466
2.955840
-2.471664
-2.214289
0.951298
-2.231810
-2.186029
0.791134
-2.520069
-2.398225
0.720244
0.825044
0.795472
-2.143453
-2.579250
-2.251860
-1.749748
-2.340935
-2.263264
2.220428
0.806723
-2.325798
-2.334454
-2.397837
0.752133
0.828056
-1.631379
-2.222875
1.054552
0.869747
-2.073532
-2.260634
0.702739
-2.331797
0.758610
-2.392595
0.893506
0.084385
-2.216559
0.388754
-2.586581
-2.427154
-2.395179
-2.599336
-1.222336
0.741544
0.480428
-2.244478
-2.394848
-2.037569
-2.337997
-2.306421
0.304561
-2.387672
-0.123177
0.920840
-2.326135
-2.925830
-0.102833
-2.302248
-2.354224
0.745358
-2.467132
0.799896
-2.245446
0.722752
0.841612
-2.304600
1.125371
0.864140
-2.221764
-2.364195
-1.980126
-2.389565
-2.312346
-2.253213
-2.252143
-2.338850
-2.270617
-2.363636
-2.203099
-2.086477
-2.257004
-2.266619
-2.295342
2.364291
-1.412765
-2.073426
-2.359987
-1.373043
-2.393517
-2.281128
-2.287416
-2.261889
-2.321672
0.832173
-2.335492
-1.304882
-2.122919
-2.287729
-2.255200
-2.273242
-1.499859
-2.682600
-2.315492
-2.249107
1.201313
-2.299007
-2.350170
-2.590971
0.951081
0.715467
-2.155114
-2.534435
-2.429600
1.511922
2.432860
-2.386242
-1.519515
-3.049515
-2.245946
2.027894
-2.306741
-2.866157
-2.338144
1.964908
0.751979
-2.026889
-2.293468
-2.367326
-2.300900
-2.337777
0.513637
-2.242339
-2.071838
-2.076547
0.937976
-1.920686
0.658920
-2.709958
-2.485685
0.596225
0.832621
-2.240818
-2.366102
0.194774
0.721730
-2.335645
0.590409
0.722687
-2.422850
0.450410
0.019132
0.959764
-2.179463
-2.153301
-2.088762
-2.293084
-2.338826
-2.162487
2.429899
-2.332696
0.672838
-2.288341
0.863161
3.033744
0.952528
-0.387966
-1.466365
-2.376554
-2.124842
0.813390
-2.249683
0.575269
1.409326
-2.297040
-2.372670
0.626190
-2.181147
0.958146
-2.308348
-2.215548
-2.252516
0.624864
0.510355
0.039034
-2.537101
-2.118634
-0.657915
0.670979
-2.160421
0.744807
0.634776
1.023289
0.347733
-2.443605
-2.037752
-1.956548
-2.103787
-2.271431
0.443649
0.614252
-2.231964
-2.227240
-2.406276
0.432729
0.958557
0.665763
-1.224056
0.753448
-2.163265
-2.405438
0.737271
-1.980467
-2.380564
-1.641161
-0.492788
0.384004
-2.392008
0.957207
0.821381
0.696245
-2.306050
0.790610
-0.200395
-2.135260
-0.664086
-2.334982
-2.346958
1.096949
-2.329182
0.803607
