0.648560
-2.429253
-2.430767
0.436961
-2.473847
-2.440898
-3.122957
-2.483788
0.779246
-2.376380
-2.482125
2.028211
-2.427325
-2.511329
-2.414463
0.668200
-2.141134
-2.656110
-2.548023
0.777164
-2.542953
0.719629
-2.392615
0.840235
0.729070
-2.484026
-2.516704
-2.432401
-2.473428
0.733394
1.851697
0.676807
0.812812
0.906380
0.725910
0.741850
0.754977
-3.078064
-2.369398
-2.427149
-2.443366
0.666116
-2.629299
2.916286
-2.428355
-2.381065
-2.431154
-2.523946
0.754117
2.237567
0.660944
1.131267
0.737908
-2.399875
-2.482558
0.803004
0.745949
0.205036
0.738809
0.583921
-2.547426
0.701066
0.738218
-2.473947
0.992344
0.690254
-3.090132
-2.402968
-2.429186
-2.517721
0.895068
0.698092
0.919217
0.491542
0.666204
-1.834327
-2.313209
0.794682
0.847145
0.632075
-2.485217
-2.509538
0.392141
0.681690
-2.368899
-2.426472
0.755903
0.837693
-2.383542
0.692500
-2.403735
0.872790
-2.438811
-2.404279
0.717704
-2.285339
0.793041
0.792032
0.692286
0.672426
0.405208
-2.401953
-0.119874
0.654387
0.654630
0.678702
0.692314
0.551685
-1.846970
0.717684
0.922280
-2.378145
0.654184
-1.700481
-1.659353
0.657729
0.646779
-2.503992
0.587592
-2.390996
0.687649
-2.213919
-2.444354
0.664857
-2.308616
-2.192505
0.719918
0.692882
0.849424
0.633927
0.673733
0.710631
0.634987
0.657323
0.696557
0.658522
0.701428
0.825830
0.801017
0.634103
0.708786
0.376579
0.677042
0.683964
0.602138
1.094522
0.651813
0.717197
0.688902
0.493450
0.716999
-2.416742
0.582665
0.860923
0.603933
0.694739
0.660665
0.722008
0.836990
0.989875
0.706090
0.656893
-2.856247
0.718947
0.674471
0.938993
-2.339445
-2.516024
0.637873
0.574074
0.655282
-1.979622
-2.364659
0.665137
0.382934
0.452835
0.691305
-2.347883
0.697627
0.140966
0.670502
-2.343069
-2.385815
0.665640
0.659629
0.639735
0.683360
0.701199
-2.054620
0.723469
0.797793
0.782585
-2.472312
0.521901
-2.540300
0.370523
0.765378
-2.514351
-2.438452
0.712295
0.637512
-1.564239
-2.432302
0.650573
-2.176013
-2.435007
0.339467
-2.467188
-2.778740
-2.447402
0.639256
0.603795
0.563379
0.660154
0.670018
0.717585
-2.376450
0.731980
-2.357269
0.642483
-2.367125
1.320621
-2.445111
0.413229
0.518806
0.653581
0.464209
-2.403919
-0.672217
-2.270057
-2.254175
0.707621
0.597166
-2.426391
0.587859
-2.451656
0.627777
0.706209
0.719936
-2.369048
-2.186016
-0.464928
0.414773
0.622023
0.445614
-2.317517
0.677182
-2.406328
-2.438654
-2.374350
-2.456899
0.621364
0.748847
0.821518
0.613272
0.632873
0.804667
-2.347217
0.696531
0.736008
0.454331
-2.113653
-2.445962
-2.364919
0.311515
-2.552559
0.675544
0.662579
-2.426353
0.706020
0.655797
0.000646
1.637169
-2.076277
0.607147
-2.451284
-2.361541
-2.379552
0.735946
-2.557677
1.023422
0.754524
0.738016
0.610810
0.729306
-2.746092
0.868441
-2.467270
