2.627642
-1.094371
-2.503050
-2.020310
-0.759569
-0.847928
-1.329745
-0.771561
2.562125
-1.039124
-1.110838
0.353735
-1.453420
-1.056331
-0.982754
1.454950
-0.116484
-0.485133
-0.802994
2.293189
-3.136995
1.342043
-1.221304
2.496291
2.411587
-1.158264
-1.568582
-0.980537
-0.914648
2.069985
-2.071647
2.051229
1.988244
2.382922
1.977278
2.525277
1.949302
-2.882253
-0.572326
-0.987330
-1.052767
2.474243
-0.234057
3.095284
-0.906366
-0.498199
-1.050043
-1.000613
2.427881
-1.394479
0.960809
-3.009594
2.129923
-0.756840
-1.215279
2.588664
1.587646
2.408178
1.903781
2.217418
-0.763793
2.303288
2.299966
-1.031132
1.763991
1.838785
-0.776756
-0.896483
-1.166793
-0.254975
1.211961
2.338762
2.540508
1.975332
2.302976
0.543644
-0.750212
2.142491
2.196929
1.997092
-1.416373
-1.248476
2.560466
2.482979
-0.556198
-0.944181
2.548399
2.430972
-0.644114
2.134533
-1.115478
2.313089
-1.819189
-1.857919
2.373754
-2.981929
1.162916
0.703360
2.109047
2.781196
2.760628
-1.313279
2.625522
2.078461
2.169322
2.448617
2.077554
2.349231
3.005120
2.152978
3.016180
-0.890670
2.129370
0.895119
2.954066
2.174055
2.100024
-1.208714
1.851289
-0.675297
2.349642
-1.871424
-0.884220
2.069822
-0.624565
-1.078820
2.840724
1.936750
2.550571
2.135902
2.210782
2.262840
2.323212
1.808602
2.183847
2.151672
2.348242
2.501679
2.086833
2.319909
2.225603
2.835388
2.933287
2.460819
2.033094
2.859649
1.809453
2.291090
2.251482
2.209440
2.156358
-0.883266
2.091701
3.112797
2.565557
2.197751
2.301013
2.244560
2.771041
2.418503
2.256567
2.211612
-1.039616
2.116346
2.108312
2.181667
-0.658476
-0.718856
2.433752
1.432274
1.660452
1.381736
-0.247433
1.973647
2.660744
1.473234
2.183665
-0.252162
2.266043
2.158011
2.215469
0.181278
-1.080766
1.806186
2.237909
2.193860
2.216356
2.125865
-2.051182
2.413435
2.573145
2.535737
-0.785338
2.479438
-1.525320
1.848810
-0.176441
-1.622739
-0.930670
2.211185
2.126135
-3.009250
-1.563846
2.132425
-2.975802
-1.072100
2.258632
-1.403830
2.448865
-0.820403
2.247169
2.270534
2.311048
2.279619
2.128030
2.304680
1.724662
1.866009
-1.058835
2.250146
-0.801127
2.109062
-0.821828
2.830202
2.582649
2.275570
2.000292
-0.953053
1.787182
-1.767602
-0.047892
2.181717
2.109088
-2.092951
2.366324
-0.820253
2.086912
2.374175
2.136175
-1.326854
-3.139816
3.068251
1.952741
2.139196
2.695435
-1.855225
2.419962
-1.425680
-1.784988
-0.788535
-1.015275
1.967139
2.444629
2.450512
2.482919
1.941993
2.683317
-2.514762
2.359198
2.294163
1.925344
-2.698318
-0.819706
-0.661310
2.585534
-1.031846
2.270008
2.170657
-1.208537
2.157372
1.729841
2.296318
-2.625174
2.850193
1.944075
-0.819368
-0.594329
-1.085804
2.246645
-1.437104
2.976803
2.505312
2.913269
2.113754
2.071258
-2.597965
2.322546
-1.195242
