2.407148
-1.136416
-1.130394
-2.293290
-1.108848
-1.056947
-2.228665
-1.032680
2.137709
-0.979971
-1.158102
2.023127
-1.042269
-1.137985
-1.074335
1.747974
0.590022
-1.240485
-0.911955
2.015340
-1.129683
1.572208
-1.166114
2.079420
1.540928
-1.224233
-0.967153
-1.100679
-1.114299
1.873893
-1.818389
1.776516
2.234437
2.081779
2.073250
2.100512
1.879989
-0.911085
-1.004470
-1.121708
-1.163882
1.886364
0.641323
-1.462191
-1.154553
-0.908530
-1.145313
-1.124555
2.146368
-1.811902
1.855752
-2.232231
2.022309
-1.047525
-1.171054
2.554353
2.016207
-2.958551
1.995854
1.952054
-1.241545
2.002284
1.974866
-1.116412
2.136714
1.975906
-1.279370
-1.035186
-1.103317
1.488438
2.282535
1.952575
2.379514
1.623762
1.993477
0.382243
-0.800823
2.163910
2.047832
1.932631
-1.162356
-1.050090
1.814277
2.321042
-0.913865
-1.094478
1.953073
2.248913
-0.716343
2.008450
-0.977319
2.034957
-1.138431
-1.641279
2.064068
-1.298599
1.957790
1.973950
1.879268
2.660479
1.025240
-1.307339
-0.426915
1.873470
2.013948
1.847936
1.989417
1.666350
-0.251052
1.961093
-1.160749
-1.080988
1.909969
1.890332
-0.466886
1.931362
1.962411
-1.176806
1.904355
-0.830573
2.048960
-1.533897
-1.094779
1.867101
-1.036583
-1.490409
2.483561
1.917671
2.200978
1.897900
1.956782
2.090467
1.956736
1.869812
2.209347
1.963305
2.042407
2.140320
2.045350
2.036970
2.079566
-3.112002
2.892252
1.890006
1.895728
2.448281
1.924295
2.062354
2.040261
2.299919
1.997184
-1.019144
1.920218
2.560472
2.286086
1.984499
1.983383
2.066768
2.359914
2.229564
2.029233
1.883357
-1.876068
1.929018
1.996780
2.682116
-0.928804
-0.692606
1.763543
1.915033
1.954324
-1.063870
-0.398814
2.034939
1.305021
1.820095
1.945222
-0.882690
1.988999
1.136319
2.001244
-0.954162
-1.068470
2.025517
1.954962
1.999269
1.935864
1.918319
-0.499021
2.141341
2.349088
2.140367
-1.200770
1.746045
-1.242138
1.494915
2.236672
-1.015858
-1.020449
1.721374
1.972523
-1.441655
-0.974214
1.930633
-0.720173
-1.138207
1.352252
-1.142902
0.635474
-1.247797
1.920660
1.752672
1.776959
1.985682
1.964970
1.978851
0.672567
1.995389
-1.036111
1.880967
-0.968931
1.804380
-1.238838
-0.436540
1.787243
2.125133
1.547448
-1.116203
0.822621
-0.934082
-0.067918
1.997779
1.802064
-1.073959
1.775522
-1.252797
1.893522
2.117409
2.003204
-1.107284
-0.729525
-0.481995
1.724258
1.641117
0.710924
-0.937071
1.859275
-1.089263
-1.026985
-1.217480
-0.504136
1.867813
1.875121
2.315974
1.935372
1.845808
0.959192
-1.120574
2.066344
1.942155
1.669525
-0.881328
-1.245535
-0.796525
1.165396
-1.502540
1.672257
2.003591
-1.046855
2.001406
1.828915
1.351450
-2.028214
-0.165720
1.869590
-1.243649
-1.027255
-0.978448
2.034271
-1.344107
1.016751
2.226036
2.353137
1.876350
1.930850
-2.034898
2.222258
-1.213081
