1.000456
-2.332284
-2.956578
-2.651592
-2.168735
-2.328448
-0.527957
-2.205982
0.932986
-2.543353
-2.305028
-0.374566
-2.462307
-2.387782
-2.334527
0.825527
3.106058
-2.249100
-2.410776
0.910097
1.141252
0.675556
-2.086938
0.574336
1.314838
-1.876904
-2.669791
-2.366529
-2.339120
0.949527
2.582955
1.100456
0.845148
0.485051
0.818230
0.597672
0.913384
-1.815977
-2.019830
-2.328145
-2.297297
0.823987
-1.654895
0.006298
-2.121305
-2.156527
-2.374520
-2.319814
0.834396
-1.854515
0.400284
2.204279
0.839186
-2.247066
-2.381796
0.746019
0.593958
0.370255
0.755181
0.715419
-2.238335
0.811544
0.873024
-2.345696
0.385025
0.723456
-1.264658
-2.336992
-2.440053
-0.791111
-0.077538
0.931290
0.633384
0.999923
0.911475
-2.620509
-2.499130
0.748147
0.872666
0.777963
-2.439698
-2.264131
1.186345
0.793310
-2.199771
-2.341305
1.153434
1.174778
-2.422537
0.820066
-2.484691
1.046371
-2.596763
-0.681596
0.744871
2.084180
0.540963
0.192023
0.981904
1.747862
1.429159
-2.246749
1.887357
0.767060
0.934887
1.016317
0.871616
1.196590
1.762209
0.937546
1.148263
-2.324209
0.855025
-0.848421
1.380012
0.873048
0.878011
-2.325334
0.766940
-2.483163
0.822304
-2.420766
-2.301932
0.933855
-2.262513
-2.072919
0.861024
0.811019
0.630256
0.994493
0.923349
0.875318
0.966013
0.644975
0.707353
0.827177
0.828977
0.676039
0.723654
0.799424
0.724679
1.354473
0.796423
1.076067
0.781182
0.406554
0.741879
0.833398
0.783623
0.810102
0.802795
-2.343797
0.812896
0.746746
0.498079
0.864067
0.964937
0.803204
0.559741
1.620920
0.850173
0.883350
-1.581335
0.858576
0.752011
0.922044
-2.244355
-2.515689
1.205972
0.734438
0.605492
-2.649359
-2.055391
0.868644
0.913069
1.378593
0.875044
-1.947334
1.246867
1.904397
0.791764
-1.530002
-2.384344
0.662350
0.861604
0.829241
0.812355
0.838098
-2.971118
0.899570
0.807269
0.979382
-2.252795
1.134786
-2.459796
1.075932
0.438251
-2.641710
-2.551418
1.050027
0.839197
-0.874549
-2.674136
0.874778
3.083820
-2.582301
1.698703
-2.019006
1.089280
-2.250523
0.961202
0.959954
0.989923
0.835912
0.881657
0.822239
1.949683
0.623866
-2.397913
0.946514
-2.386904
1.263310
-2.251536
1.184487
0.991558
0.802272
1.218992
-2.288543
2.129562
-2.763348
-1.939824
0.800735
0.883630
-2.593817
1.091037
-2.246355
0.903172
0.754787
0.715567
-2.332033
-3.099542
2.624776
0.880026
0.920667
1.698276
-2.773969
1.003718
-2.605171
-2.634842
-2.216797
-2.799083
0.979623
1.075142
1.025942
1.041924
0.905966
2.026597
-2.741939
0.891356
0.873350
0.928397
-2.604867
-2.250441
-2.076714
1.348268
-2.224778
1.066900
0.859137
-2.465139
0.298976
0.717565
0.924949
0.890446
1.815336
0.852859
-2.251261
-2.106100
-2.424101
0.891833
-2.265994
1.385328
0.802319
1.163568
0.928194
0.939302
-0.926266
0.853333
-2.122045
