2.144393
-0.831038
-0.703502
0.321117
-1.078088
-0.994421
-0.073665
-0.814404
1.878176
-0.838885
-0.830544
-2.726490
-0.728143
-0.884043
-0.891401
2.554980
-1.749485
-1.070003
-1.010244
2.075294
0.475687
2.663343
-0.796707
2.127073
1.647690
-0.862657
-0.827605
-0.898990
-0.952113
2.305674
-0.132230
2.243358
2.297184
2.379252
2.244880
2.026948
2.241452
-0.377969
-1.345019
-0.851627
-0.829577
1.949515
-2.424615
0.021695
-0.929673
-1.239703
-0.870438
-0.881817
2.008487
-0.216917
2.745779
0.001363
2.282462
-0.958654
-0.777067
2.012650
2.472884
1.069958
2.344324
2.164184
-1.027678
2.160779
2.109293
-0.857512
2.508121
2.412551
-1.930163
-0.940237
-0.810656
-2.896045
2.740373
2.140706
1.837963
2.438873
2.106209
-1.604043
-0.992260
2.216866
2.222312
2.357477
-0.706562
-0.812329
1.295650
1.815184
-1.157490
-0.898346
1.828668
2.127372
-1.111739
2.313290
-0.864585
2.045146
-0.702267
-0.263494
2.179527
-0.093036
2.573723
2.635941
2.246523
1.530188
0.942690
-0.771675
-0.108349
2.308499
2.277601
2.004753
2.303160
2.196074
0.219568
2.243829
0.882527
-0.938490
2.244385
-2.463701
0.408313
2.250645
2.322154
-0.781939
2.442263
-1.148950
2.130575
-0.515481
-0.936909
2.278141
-1.115248
-0.823887
1.818934
2.350108
2.051194
2.298805
2.222320
2.156198
2.079853
2.545794
2.157226
2.234018
2.086802
2.066706
2.295434
2.050246
2.260721
0.957943
1.300663
1.680490
2.248318
1.763431
2.430611
2.132649
2.223495
2.110238
2.273683
-0.923725
2.285165
1.484090
1.737620
2.204460
2.073561
2.210317
2.000119
1.605262
2.220107
2.218727
-1.381629
2.290410
2.251754
1.620432
-1.074791
-1.172775
2.046404
2.576449
2.505431
-0.890061
-1.842042
2.329564
1.328616
-2.386995
2.244083
-1.748073
2.110606
2.879941
2.245832
-1.461052
-0.853415
2.219103
2.246219
2.225883
2.211329
2.245725
-0.787545
2.064147
1.903558
2.054261
-1.079814
2.013001
-0.696433
2.759988
2.508603
-0.660459
-0.936342
2.337910
2.281470
0.197383
-0.739695
2.285847
-0.425364
-0.814911
2.236831
-0.789063
2.034778
-1.073414
2.195447
2.115011
2.125174
2.225290
2.301862
2.189363
-2.951875
2.395164
-0.870871
2.222033
-0.956458
2.184860
-1.067116
0.849830
1.621258
2.085836
2.174581
-0.899209
2.259301
-0.592596
-2.044159
2.274099
2.267442
-0.589229
2.037312
-1.079867
2.253385
2.055103
2.237406
-0.782931
-0.579309
0.151046
2.288570
2.254911
0.744375
-0.723122
2.052805
-0.795519
-0.614905
-1.068830
-0.651596
2.326256
2.030754
2.125863
1.969705
2.384327
0.487102
-0.546101
2.157885
2.145161
2.403252
-0.616565
-1.073370
-1.277436
1.570601
-0.807922
2.116359
2.243452
-0.833207
2.043200
2.540666
1.917847
0.581127
0.527372
2.348775
-1.073852
-1.166198
-0.869480
2.165166
-0.556364
1.504538
2.040451
1.614318
2.281112
2.302618
0.253416
2.143649
-0.764509
