0.695127
-2.410455
-2.230765
-1.367146
-2.292097
-2.285486
-2.797758
-2.343250
1.046409
-2.331476
-2.410611
-0.655330
-2.533610
-2.360106
-2.381011
0.603871
-1.931660
-2.196979
-2.408180
0.760396
2.716572
0.399251
-2.560783
1.130206
0.768363
-2.688194
-2.551313
-2.331517
-2.321884
0.758178
-2.447490
0.656431
0.373444
1.119272
0.636360
1.111120
0.635586
1.360380
-2.102349
-2.350456
-2.355329
1.080821
2.924342
3.036478
-2.318567
-2.145974
-2.342073
-2.391315
0.775737
-2.748316
0.480019
-2.197941
0.645765
-2.323504
-2.361523
1.100354
0.575917
-0.445318
0.623346
0.853782
-2.247624
0.870728
0.910093
-2.401576
0.651632
0.710042
-2.680272
-2.373073
-2.388024
1.312552
0.568146
0.895486
1.134802
0.916417
0.829626
-1.392300
-2.427544
0.683355
0.731881
0.786372
-2.432757
-2.458464
1.037544
0.759791
-2.247019
-2.340274
0.928560
0.665745
-2.628568
0.829168
-2.467965
0.690262
-2.413377
2.956060
0.871391
3.140447
0.507221
0.697352
0.780982
0.417171
2.248971
-2.375799
1.869924
0.952402
0.787299
1.051322
0.742841
1.151444
2.467802
0.740076
2.283480
-2.337557
0.856430
0.325310
2.768439
0.873062
0.839303
-2.438529
0.738249
-2.454714
0.823554
-2.170684
-2.331729
0.816408
-2.150135
-2.152681
0.807852
0.802446
1.076494
0.823085
0.782228
0.840371
0.840945
0.885837
1.024414
0.827253
0.885741
0.998053
0.875140
0.865441
0.856104
0.812580
1.252959
1.015631
0.813845
1.242643
0.797679
0.847144
0.895928
0.711914
0.789008
-2.403915
0.847335
1.825557
0.838985
0.823316
0.853521
0.853102
1.220405
0.743441
0.815038
0.916814
-2.498298
0.861525
0.802432
0.153583
-2.373400
-2.711737
1.053268
0.523112
0.734825
-2.132005
-1.644849
0.778159
1.683808
-0.569286
0.887831
-1.844927
0.628269
1.312982
0.858956
-1.915816
-2.429648
1.261990
0.887480
0.795237
0.982206
0.847891
3.065549
0.868361
1.030718
0.935669
-2.153775
1.149490
-2.499245
1.092765
0.289690
-2.657490
-2.386881
0.970895
0.782713
2.453996
-2.498300
0.832075
-2.707138
-2.248317
1.113019
-2.742410
2.235872
-2.141656
0.828800
0.981207
0.989608
0.876940
0.794635
0.932680
0.651841
0.797081
-2.495835
0.883122
-2.353774
0.070533
-2.141155
1.936656
1.302101
0.728806
0.816207
-2.370865
1.126590
-2.646130
-2.423788
0.820150
0.846429
-2.755915
0.893284
-2.160701
0.940522
0.778998
0.844571
-2.576185
-3.099653
2.263604
0.843378
1.070659
1.304872
-2.650476
0.916937
-2.491082
-2.576100
-2.077648
-2.717452
0.625130
1.075706
0.751818
0.946818
0.833200
1.839980
-2.800303
0.857193
0.981811
0.870758
-3.075829
-2.141339
-2.849546
1.540942
-1.969180
1.007103
0.771038
-2.459260
1.091199
0.889172
1.416385
-2.498486
2.155013
0.783748
-2.140918
-2.438307
-2.498612
0.755175
-2.451594
2.254100
0.686721
1.525376
0.847086
0.795676
-2.072702
0.618022
-2.345988
