0.908466
-1.986737
-1.660928
-0.899497
-1.952525
-1.985623
2.124729
-1.714613
1.238916
-1.847973
-2.054311
-0.027502
-2.038685
-1.804806
-1.978771
0.912944
-0.768551
-1.577824
-1.673539
1.150946
2.466233
0.886212
-2.172535
1.556712
1.001179
-2.397301
-1.822750
-1.929842
-1.895833
1.102013
-1.550973
0.773923
0.509582
1.479952
1.027617
1.549065
1.016163
-2.193393
-1.736243
-2.007560
-1.944836
1.410429
-0.245508
2.479223
-2.079989
-1.777197
-1.878952
-2.032048
1.245387
-2.638880
0.798475
-0.115191
0.997685
-1.859126
-1.920471
1.668927
0.998131
-1.460588
1.084841
1.317991
-1.658605
1.254558
1.287978
-1.991942
1.128964
1.039481
-2.858676
-1.910941
-1.927375
2.006592
1.029284
1.179708
1.647417
1.026768
1.171768
-1.339129
-1.862461
1.044158
1.074976
1.145661
-1.988544
-1.926339
1.156478
1.338786
-1.880792
-1.885280
1.107356
1.073058
-1.903018
1.123951
-1.931026
0.961979
-1.992990
3.124691
1.332228
2.090347
1.072913
1.296946
1.094790
0.767534
1.863849
-2.180368
-0.408245
1.394127
1.076751
1.386447
1.138281
1.183129
2.212157
1.082002
2.035638
-1.906946
1.197205
-0.933461
2.670142
1.206986
1.217558
-2.107431
1.170237
-1.720585
1.282042
-2.074165
-1.942984
1.091428
-1.824472
-2.148482
1.523288
1.121458
1.558590
1.051694
1.089744
1.264724
1.158689
1.129886
1.279078
1.200543
1.325492
1.453753
1.279158
1.273274
1.315789
2.558421
1.869870
1.270184
1.224281
1.741124
1.077240
1.245532
1.309640
1.155695
1.152477
-1.994083
1.185001
1.501787
1.809946
1.197337
1.016883
1.211656
1.881960
0.794872
1.171107
1.283699
-2.617846
1.146303
1.250511
0.329541
-1.900752
-1.737140
1.006831
0.936584
1.108220
-1.760718
-1.669622
1.151017
1.860577
0.317238
1.251815
-1.807271
0.983394
0.347952
1.232717
-2.209328
-2.047442
1.543314
1.258943
1.175395
1.259023
1.222024
-2.635705
1.222314
1.412535
1.244316
-1.910935
1.247971
-2.033476
1.216900
1.009549
-2.039894
-1.801573
1.107774
1.128494
2.873870
-1.927569
1.091866
-1.802636
-1.797230
0.735540
-2.523110
1.257094
-1.900574
1.110632
1.275986
1.351438
1.201227
1.094234
1.281700
-0.307168
1.158360
-1.979227
1.137134
-1.872002
0.465358
-1.892705
1.516688
1.518548
1.224722
1.087089
-1.960891
-0.402282
-1.900982
-1.543859
1.138211
1.067637
-2.268869
1.255203
-1.903063
1.150955
1.228194
1.211541
-2.128958
-1.926621
0.826286
0.853287
1.154407
1.252500
-1.943868
1.181221
-1.882647
-2.037049
-1.979953
-2.308207
0.931086
1.142462
1.210130
1.270110
1.014241
0.069036
-2.482134
1.246616
1.225964
1.039173
-2.474038
-1.901068
-2.242089
1.427870
-1.982679
1.214540
1.140907
-1.935350
1.810534
1.099350
1.482006
1.565130
0.870309
1.114361
-1.901731
-1.796692
-1.996410
1.092043
-2.236678
1.299218
1.367983
1.204073
1.107598
1.070679
-2.824333
1.285633
-2.122091
