0.905905
-2.556219
-1.728975
1.597059
-2.215298
-2.530959
-2.902475
-2.288077
0.998026
-2.484592
-2.607979
-1.046821
-2.888585
-2.349226
-2.462663
-0.191273
-2.092818
-1.562165
-1.563480
0.858874
2.114454
-0.976466
-2.485492
1.888498
0.789791
-2.853003
-1.936637
-2.437198
-2.254339
0.584978
1.445647
0.377855
0.167426
2.029931
0.489928
1.595063
0.640542
2.555064
-1.934732
-2.486398
-2.527893
1.215406
-2.019407
1.770027
-2.473077
-2.009895
-2.432057
-2.495957
0.970910
2.572189
-0.799177
0.128298
0.639720
-1.837600
-2.500159
1.503122
0.018161
-0.264005
0.320912
1.161851
-1.847605
0.902937
1.032984
-2.486863
0.526346
0.296914
-2.674073
-2.320703
-2.523583
-2.181468
-1.835029
0.866405
1.483848
0.414826
0.727222
-1.148080
-1.930026
0.727587
0.592137
0.409405
-2.747366
-2.704996
1.073933
1.627330
-2.135497
-2.254092
0.963197
0.474496
-1.933137
0.638675
-2.534071
0.589635
-2.759132
3.018351
1.136986
1.925815
-0.597658
-1.793160
0.686965
0.689708
1.240492
-2.709024
0.837001
1.062529
0.624967
1.097721
0.692908
0.790268
2.057257
0.652267
1.812512
-2.377421
0.740310
-1.226957
1.985177
0.718609
0.754817
-2.685496
0.245836
-2.042403
1.125880
3.136079
-2.377649
0.622386
-2.085237
-2.576865
1.355392
0.469519
1.753275
0.579173
0.866571
0.893640
0.921050
0.594594
1.038465
0.694318
1.068543
1.392982
1.061221
0.900060
1.077486
1.429509
1.805682
0.973912
0.845616
2.490215
0.423422
0.864488
0.966948
0.705947
0.798376
-2.385404
0.865917
1.752015
1.484841
0.720279
0.838300
0.839772
2.035083
0.717935
0.914969
1.031513
-2.596634
0.715147
0.758429
0.333229
-2.166797
-1.644806
0.737478
-0.167825
0.285115
-1.213458
-1.740301
0.434145
1.875921
0.086123
0.839690
-1.836694
0.922467
0.438048
0.716185
-2.096557
-2.662394
1.322528
0.891254
0.773640
0.896678
0.724941
2.743073
0.959603
1.220043
1.082197
-2.068135
1.061443
-2.950064
0.695270
-0.573886
2.935851
-1.999226
0.998619
0.552734
2.031727
-3.021325
0.582435
1.360037
-2.570259
0.618696
-3.043998
1.545569
-2.063313
0.849073
1.054040
1.057776
0.782473
0.692248
0.990130
0.945762
0.461736
-2.493424
0.867111
-2.269773
0.183665
-2.072545
1.469670
1.272045
0.915968
0.561986
-2.342655
0.455333
2.306128
-1.822485
0.856223
0.692397
2.758898
0.968600
-2.052876
0.804374
1.072573
0.774838
-2.879549
1.429008
1.291342
0.719565
0.828041
1.268343
1.737295
0.967513
-2.659766
3.043231
-2.146217
3.128756
0.545617
0.931691
0.950593
1.097850
0.698716
0.743584
2.634374
1.047790
0.880005
0.487191
1.884933
-2.060481
-2.900861
1.167800
-2.262130
0.757050
0.672186
-2.834187
2.760624
0.311281
1.306654
1.643336
1.585127
0.441184
-2.057623
-2.012444
-2.682473
0.775320
-2.961239
1.640955
1.217581
1.716825
0.648389
0.579134
2.317458
0.667154
-2.603006
